17945 159. 66 51446 621. 61 56979 696. 11 59329 1, 636. 66 1633 147. 29

335 2. 16 969 17. 66 1143 53. 66 746 24. 64 16 1. 36
26 6.36 476 11.46 636 16.15 162 7.14 6 6.66
253 2. 63 2166 41. 61 926 43. 59 466 16. 26 266 14. 71
11 6.12 314 6. 57 1473 46. 92 492 15. 67 7 6.35
93 6.69 366 5. 69 419 6. 79 96 4. 94 1 6.65
534 4. 97 1366 22. 52 3676 61 . 45 666 29. 43 1 1 2. 73
26 6.22 1699 26. 15 1437 36.67 1147 26.77 161 6. 66
26 6. 16 223 3. 36 1426 36.34 297 34. 15 12 6.99
134 1. 17 916 16. 61 3435 63. 65 949 36.67 3 1. 43
261 2. 76 1429 25. 45 3136 36.65 3333 59. 41 92 2. 51
666 7. 36 3965 74. 64 5349 144. 46 4746 126. 93 31 6. 33
3739 33. 39 6155 165. 45 5546 55. 77 16553 129. 93 35 1. 44
1246 16. 66 5654 163. 41 4741 121. 93 4259 127. 69 622 75. 53
4226 35. 66 6666 77. 62 2194 25. 23 7656 97. 97 43 16. 56
1354 12. 43 2446 46. 66 4244 39. 26 2526 45. 72 6 1. 39
1635 9. 67 4765 65. 53 3747 25. 25 6659 61. 37 67 16. 54
2365 23. 71 3365 41. 39 2216 16. 63 7496 74. 63 26 6. 96
1216 16. 14 5671 69. 96 3234 36.63 6245 63.24 19 6.51

215 2. 29 1134 22.69 2667 14. 16 1637 23.67 269 1.64
